1077260817
1132076487
1178008717
1184828342
1190788547
1191461881
1195689484
1205760787
1275630994
1291783933
1343396344
1401375075
1475120274
1540166591
1582463744
1634398037
1634703487
1639085873
1639379033
1651048770
1656319143
1657613584
1658152907
1665443850
1676728887
1685205730
1691144147
1697537074
1708755263
1729952731
1733888965
1739136305
1741590407
1745494521
1745518840
1748053351
1748494722
1751822773
1757044061
1769988322
1777045883
1784436761
1824640877
1829054035
1831370100
1846720397
1864835374
1876503811
1888355307
1896027653
1909122593
1909148393
1909874523
1927720373
1930986977
1947565734
1948106443
1956216865
1957094700
1960981867
1988788063
1993430057
2028964017
2044977437
2084995253
2088818713
2101081247
2118299443
2171849432
2180235402
2186123920
2192608902
2207709757
2262801667
2277693053
2312011552
2317223401
2342053353
2345050734
2357088283
2363704640
2400506010
2407042901
2410957945
2418992491
2449928667
2492334241
2516379664
2527547654
2531506324
2534112135
2607155240
2609770415
2629189597
2662750493
2670220931
2700630944
2745972251
2772110762
2788731283
2813294935
2836692783
2873274510
2907642443
2927274281
2984833100
3018351837
3032540667
3156644171
3156676441
3162589741
3164111710
3192801880
3206193355
3287087847
3584396823
3977106751
5141203430